Title line:"Rana cascadae microsatellites"
SCF120
RC287
RP193
SCF134
RP123
RC174
SCF128
RP17
Pop
 Pop14, 0206 0202 0708 1617 0101 0202 0203 0202
 Pop14, 0000 0000 0507 0000 0000 0000 0000 0000
 Pop14, 0000 0000 0707 0000 0000 0202 0000 0101
 Pop14, 0606 0202 0506 1116 0101 0202 0404 0202
 Pop14, 0210 0202 0808 1111 0101 0202 0507 0101
 Pop14, 0206 0202 0707 1116 0101 0202 0707 0202
 Pop14, 0612 0203 0808 1117 0101 0202 0205 0102
 Pop14, 0000 0000 0606 0000 0000 0202 0000 0101
 Pop14, 0210 0202 0607 1623 0101 0202 0507 0101
 Pop14, 0207 0303 0707 1618 0101 0202 0204 0202
 Pop14, 0707 0203 0709 1616 0101 0202 0404 0202
 Pop14, 0506 0202 0507 1011 0101 0202 0305 0101
 Pop14, 0202 0203 0709 1116 0101 0202 0207 0101
 Pop14, 0606 0202 0508 1616 0101 0202 0507 0202
 Pop14, 0606 0303 0607 1616 0101 0202 0202 0101
 Pop14, 0611 0202 0707 1723 0101 0202 0205 0202
 Pop14, 0610 0203 0708 1017 0101 0202 0707 0202
 Pop14, 0205 0203 0607 1717 0101 0202 0405 0101
 Pop14, 0206 0203 0405 1016 0101 0202 0205 0000
 Pop14, 0206 0203 0606 1820 0101 0202 0202 0202
 Pop14, 1013 0203 0707 1116 0101 0202 0506 0202
 Pop14, 0206 0202 0708 1616 0101 0202 0207 0101
 Pop14, 0207 0202 0508 1016 0101 0202 0507 0202
 Pop14, 0206 0203 0707 1016 0101 0202 0404 0101
 Pop14, 0505 0202 0508 1118 0101 0202 0204 0101
 Pop14, 0211 0202 0708 1111 0101 0202 0205 0303
 Pop14, 0610 0203 0708 1011 0101 0202 0707 0202
 Pop14, 0212 0203 0507 1116 0101 0202 0707 0102
 Pop14, 0206 0202 0808 1111 0101 0202 0405 0101
 Pop14, 0506 0202 0707 1618 0000 0202 0203 0303
