CSF microsat genotypes, SWDPW, 11/10/2003
Rp3
Rp15
Rp17
Rp23
SFC134
SFC139
pop
SWDPW1 , 187211 204204 122122 000000 217221 273289
SWDPW2 , 195211 204204 122122 187187 217217 269273
SWDPW3 , 187211 204204 000000 187187 217217 261285
SWDPW4 , 187203 204204 118122 187187 000000 269285
SWDPW5 , 211215 000000 122122 000000 217217 269269
SWDPW6 , 203211 199209 122122 187187 217221 257269
SWDPW7 , 187203 199209 122122 187187 217217 273289
SWDPW8 , 187187 204209 122122 187187 217221 269273
SWDPW9 , 187211 204209 122122 187187 217217 289301
SWDPW10 , 187203 204209 122122 187187 217217 257269
SWDPW11 , 203211 204204 122122 000000 221221 257269
SWDPW12 , 203211 204209 122122 187187 221221 269301
SWDPW13 , 187211 199199 122122 187187 221221 269289
SWDPW14 , 211211 000000 122122 187187 221221 269273
SWDPW15 , 187203 204204 118122 187191 221221 269289
SWDPW16 , 000000 204209 122122 187187 000000 269289
SWDPW17 , 203211 199209 122122 187187 221221 273273
SWDPW18 , 203211 204204 122122 187187 000000 269273
SWDPW19 , 000000 199204 122122 187187 000000 289301
SWDPW20 , 187203 199204 122122 187187 221221 257289
SWDPW21 , 187215 204209 122122 187187 000000 000000
SWDPW22 , 187211 204204 122122 000000 221221 269269
SWDPW23 , 187207 199209 122122 187187 000000 257289
SWDPW24 , 187187 204209 122122 187187 221221 269289
SWDPW25 , 187211 204204 122122 187187 000000 261289
SWDPW26 , 187187 000000 122122 187187 221221 269289
SWDPW27 , 187203 199204 122122 000000 213221 269289
SWDPW28 , 187211 199204 122122 187187 217221 273289
SWDPW29 , 203203 000000 122122 187191 000000 000000
SWDPW30 , 211211 204209 122122 000000 221221 000000