CSF microsat genotypes, TT, 11/10/2003
Rp3
Rp15
Rp17
Rp23
SFC134
SFC139
pop
TT1 , 000000 204204 122122 191191 229229 265277
TT2 , 199215 204204 000000 187187 000000 265277
TT3 , 000000 204204 122122 191191 229229 265277
TT4 , 199215 204204 122122 187191 229229 265269
TT5 , 199215 204204 122122 191191 229229 265277
TT6 , 199215 204204 000000 191191 229229 265277
TT7 , 000000 000000 122122 187191 229229 265277
TT8 , 199215 000000 122122 187191 229229 265265
TT9 , 199215 204204 122122 191191 229229 265265
TT10 , 215215 204204 122122 191191 229229 269277
TT11 , 199215 204204 122122 187191 229229 265277
TT12 , 199215 204204 122122 191191 229229 265265
TT13 , 199215 204204 122122 191191 229229 265265
TT14 , 215215 204204 000000 187187 229229 265277
TT15 , 215215 000000 122122 191191 229229 269277
TT16 , 199215 204204 122122 191191 229229 265269
TT17 , 199215 000000 000000 187191 217229 265277
TT18 , 203215 204204 122122 187187 229229 265277
TT19 , 199215 204204 000000 187191 229229 265277
TT20 , 211215 204204 000000 187191 229229 265277
TT21 , 199215 204204 122122 191191 229229 265273
TT22 , 199215 204204 122122 191191 229229 269277
TT23 , 199199 204204 122122 191191 229229 265265
TT24 , 211215 204204 122122 187191 229229 265277
TT25 , 211215 204204 122122 191191 229229 265277
TT26 , 199215 204204 122122 191191 229229 265277
TT27 , 215215 204204 122122 191191 229229 265273
TT28 , 199215 204204 122122 191191 229229 265277
TT29 , 199215 204204 122122 191191 225229 265277
TT30 , 215215 204204 000000 191191 229229 265277
TT31 , 000000 000000 122122 191191 229229 000000