CSF microsat genotypes, LFP, 11/10/2003
Rp3
Rp15
Rp17
Rp23
SFC134
SFC139
pop
LFP3 , 215215 204204 122122 187187 221229 265265
LFP5 , 215215 197204 122126 187187 221221 269269
LFP7 , 215215 204204 122122 187187 221221 265265
LFP8 , 215215 204204 122122 187187 221229 265273
LFP11 , 000000 204204 122126 187191 000000 265265
LFP12 , 203215 204204 122122 187191 217221 265265
LFP14 , 215215 000000 122122 187191 221221 265273
LFP15 , 203215 204204 122122 000000 221221 269273
LFP16 , 215215 204204 122122 187187 221221 265265
LFP17 , 215215 204204 122122 187187 221221 265265
LFP18 , 215215 197204 122122 187187 000000 265269
LFP19 , 203215 204204 122122 187187 217229 265277
LFP20 , 187215 197204 118122 187187 217221 265265
LFP21 , 215215 204204 122122 187187 221221 265269
LFP23 , 215215 204204 122122 187187 221229 269273
LFP25 , 203215 204204 122122 187187 217221 269269
LFP26 , 215215 197204 122122 187187 217221 265269
LFP27 , 203215 204204 122122 187187 221221 265277
LFP28 , 215215 197204 122122 187187 221229 265265
LFP29 , 215215 000000 122122 187187 221221 265265
LFP30 , 215215 204204 118122 187191 217229 265265