CSF microsat genotypes, RURC, 11/10/2003
Rp3
Rp15
Rp17
Rp23
SFC134
SFC139
pop
RURC1 , 187215 204204 122122 187191 221221 277289
RURC2 , 203203 204204 122122 187187 000000 000000
RURC3 , 187215 000000 122122 000000 000000 000000
RURC4 , 215215 204204 122122 187191 000000 273289
RURC5 , 203203 204204 122122 187187 000000 000000
RURC6 , 187215 204204 122122 187187 221221 265277
RURC7 , 187215 197204 000000 187187 217221 265273
RURC8 , 187203 000000 122122 187191 000000 000000
RURC9 , 187203 204204 122122 187191 217217 265265
RURC10 , 187203 204204 000000 000000 217221 265289
RURC11 , 187211 000000 122122 187191 000000 000000
RURC12 , 187203 204204 122122 187187 217221 265289
RURC13 , 187203 204204 122122 187187 000000 000000
RURC14 , 187203 204204 122122 000000 217217 265265
RURC15 , 187203 204204 122122 000000 221221 265277
RURC16 , 187203 204204 000000 187191 221221 265273
RURC17 , 187203 204204 122122 187191 217221 265277
RURC18 , 187203 204204 000000 187187 217221 265289
RURC19 , 187215 204204 122122 187187 217221 265289
RURC20 , 203215 204204 122122 187187 217217 273273
RURC21 , 203203 204204 122122 187187 221221 277289
RURC22 , 203215 000000 000000 000000 217217 265273
RURC23 , 203203 204204 000000 000000 217217 289289
RURC24 , 203215 204204 122122 000000 217217 273273
RURC25 , 215215 204204 122122 000000 217221 273289
RURC26 , 187203 204204 122122 187191 217221 265273
RURC27 , 187203 000000 122122 000000 000000 000000
RURC28 , 187203 000000 000000 000000 217221 000000
RURC29 , 187203 000000 000000 000000 000000 000000
RURC30 , 187211 204204 122122 187191 217221 265277