CSF microsat genotypes, KLB, 11/10/2003
Rp3
Rp15
Rp17
Rp23
SFC134
SFC139
pop
KLB1 , 203207 209209 118122 187187 229229 269273
KLB2 , 187207 189204 130158 187191 221221 265269
KLB3 , 187207 204209 118118 187191 217221 253265
KLB4 , 207211 204204 118122 187187 217229 265277
KLB5 , 187207 209209 130186 187191 221229 245265
KLB6 , 187187 204204 118118 187187 221229 273277
KLB7 , 000000 204209 118126 187191 225229 245273
KLB8 , 000000 204204 122130 187187 217221 257265
KLB9 , 187187 204204 122126 187199 221229 277281
KLB10 , 000000 204209 118122 187187 217229 245265
KLB11 , 187207 204204 122122 187191 221229 257265
KLB12 , 187211 204209 126130 187191 221229 249305
KLB13 , 187187 204204 122130 187187 221221 249257
KLB15 , 203207 204204 118122 183187 221229 277281
KLB16 , 187187 204204 118122 187187 221229 249249
KLB17 , 187187 204204 118186 187187 221221 000000
KLB18 , 207207 000000 000000 187187 217229 265273
KLB19 , 187187 204209 118126 187191 217229 245265
KLB20 , 187211 189204 118126 187187 229229 257305