CSF microsat genotypes, LBLP, 11/10/2003
Rp3
Rp15
Rp17
Rp23
SFC134
SFC139
pop
LBLP1 , 215215 000000 122122 187187 221221 265265
LBLP2 , 215215 204204 122122 187187 221229 265265
LBLP3 , 203215 197204 122122 187187 221229 265269
LBLP4 , 215215 197204 122122 187187 221221 265265
LBLP5 , 215215 204204 000000 187187 221221 265269
LBLP6 , 187215 204204 122122 187187 221221 265265
LBLP7 , 215215 204204 122122 187187 221221 265269
LBLP8 , 215215 204204 122122 187187 221221 265265
LBLP9 , 215215 204204 122122 187187 221229 265269
LBLP10 , 215215 197204 122122 187187 217217 265265
LBLP11 , 000000 204204 000000 000000 000000 265265
LBLP12 , 203215 000000 000000 000000 000000 000000
LBLP13 , 203215 204204 122122 187187 221229 273277
LBLP14 , 000000 000000 122122 187187 000000 000000
LBLP15 , 215215 197204 122122 187187 221221 265265
LBLP16 , 203203 204204 122122 187187 000000 265273
LBLP17 , 203215 000000 000000 000000 221221 000000
LBLP18 , 215215 197204 122122 187191 217221 265265
LBLP19 , 215215 204204 000000 000000 000000 000000
LBLP20 , 203215 197204 122122 187187 221229 269269
LBLP21 , 215215 204204 122122 187191 221221 265265
LBLP22 , 203215 197204 122122 187187 229229 265273
LBLP23 , 000000 204204 122126 187187 000000 265265
LBLP24 , 215215 197204 122122 187187 217221 265265
LBLP25 , 215215 197204 122122 187191 000000 265265
LBLP26 , 203215 204204 122122 187187 000000 265277
LBLP27 , 203215 204204 122122 187187 221229 265269
LBLP28 , 215215 204204 122122 187187 221221 000000
LBLP29 , 203215 197204 122122 187187 221229 265273
LBLP30 , 215215 204204 000000 000000 221221 000000