CSF microsat genotypes, MUB, 11/10/2003
Rp3
Rp15
Rp17
Rp23
SFC134
SFC139
pop
MUB1 , 207207 000000 126198 199199 217217 257269
MUB2 , 207211 204204 122138 000000 217217 245265
MUB4 , 211215 204204 122122 187203 000000 245273
MUB5 , 211219 204204 118122 187199 217221 245245
MUB7 , 211215 204204 000000 187187 229229 253273
MUB8 , 195207 199204 118122 187187 217221 257269
MUB9 , 199211 199204 122198 000000 217229 245269
MUB10 , 199207 204209 122122 187199 217217 249269
MUB11 , 211215 204204 122202 187191 229229 245273
MUB12 , 199207 188204 122122 187199 217217 249269
MUB13 , 211215 204209 122130 187191 221221 245265
MUB14 , 215215 209209 118122 187187 221229 253265
MUB15 , 211211 204204 000000 187187 221229 245253
MUB16 , 207211 209209 138194 000000 217217 245265
MUB17 , 199211 204209 122198 187187 221229 245269
MUB18 , 199211 204209 122126 187187 217221 245257
MUB19 , 191199 204204 122122 000000 217217 249253
MUB20 , 207207 203204 122126 187187 217217 257269
MUB21 , 199207 204209 122122 187187 217217 249269
MUB22 , 199207 203209 122122 187199 217217 269269
MUB23 , 199211 203209 122198 199199 217217 245269
MUB24 , 207215 204209 138198 187199 000000 253269
MUB25 , 199215 204204 122198 000000 221229 261265
MUB26 , 199211 204209 122198 000000 217217 245245
MUB27 , 215215 204209 114122 187187 217217 245273