CSF microsat genotypes, LLRCL, 11/10/2003
Rp3
Rp15
Rp17
Rp23
SFC134
SFC139
pop
LLRCL1 , 203215 204204 000000 000000 221221 265273
LLRCL2 , 215215 204204 122122 187187 221221 265265
LLRCL3 , 203203 204209 126126 187187 221221 269269
LLRCL4 , 203215 204209 122126 187187 221221 265269
LLRCL5 , 203215 204204 122122 187187 221221 265269
LLRCL6 , 203215 204204 122122 187187 221221 269277
LLRCL7 , 000000 204204 126126 187187 000000 269269
LLRCL8 , 215215 197204 122126 000000 221221 265273
LLRCL9 , 000000 204204 122126 187187 000000 265269
LLRCL10 , 203215 204204 126126 187187 221221 265273
LLRCL11 , 207215 000000 122126 187187 221221 273273
LLRCL12 , 000000 204204 122122 187187 221221 269273
LLRCL13 , 000000 000000 000000 000000 000000 273273
LLRCL14 , 203203 204209 122122 187187 221221 273273
LLRCL15 , 203207 204209 122122 187187 221221 265265
LLRCL16 , 203215 204209 126126 187187 221221 265269
LLRCL17 , 215215 204204 122122 187187 221221 273277
LLRCL18 , 203215 204204 122122 187187 221221 265269
LLRCL19 , 215215 204204 122126 187187 221221 269277
LLRCL20 , 215215 204204 122122 187187 221221 265273
LLRCL21 , 215215 204209 122126 187187 221221 265273
LLRCL22 , 207215 204204 122126 187187 221221 265269
LLRCL23 , 203215 204204 126126 187187 221221 265273
LLRCL24 , 000000 000000 122126 187187 000000 000000