CSF microsat genotypes, Allpops, 11/10/2003
Rp3
Rp15
Rp17
Rp23
SFC134
SFC139
pop
OSOH1 , 187211 204209 118122 187187 221221 269273
OSOH2 , 203211 199204 122122 187187 217217 269269
OSOH3 , 187211 204209 122122 187187 217217 000000
OSOH4 , 187211 204204 122122 187187 000000 289289
OSOH5 , 211211 199204 122122 187187 217221 269269
OSOH6 , 000000 000000 118122 000000 000000 269289
OSOH7 , 187211 204204 122122 187187 217221 269289
OSOH8 , 187211 204209 122122 187187 217217 269289
OSOH9 , 187211 204204 122122 187187 000000 269289
OSOH10 , 203211 204204 122122 187187 217217 269273
OSOH11 , 187211 000000 122122 187187 217217 269289
OSOH12 , 000000 000000 000000 187187 000000 000000
OSOH13 , 187207 204204 122122 187191 221221 273289
OSOH14 , 187207 000000 000000 187187 000000 273289
OSOH15 , 187211 204204 122122 187187 217221 269289
OSOH16 , 187211 204204 122122 000000 217221 269289
OSOH17 , 187215 199209 122122 187191 000000 273289
OSOH18 , 211215 199209 118122 187187 217221 269273
OSOH19 , 187207 204204 122122 187187 217221 269289
OSOH20 , 187211 000000 118122 000000 000000 269273
OSOH21 , 207211 204204 122122 187187 217217 269273
OSOH22 , 187215 204209 118122 187187 221221 273289
OSOH23 , 187211 199209 118122 187187 000000 269289
OSOH24 , 211211 204204 122122 000000 000000 269273
OSOH25 , 203215 000000 118122 187187 000000 000000
OSOH26 , 187203 204209 122122 187187 217217 269289
OSOH27 , 187211 204204 122122 187187 000000 269289
OSOH28 , 187211 199199 122122 187187 000000 273289
OSOH29 , 187187 000000 000000 187187 000000 273289
OSOH30 , 187187 000000 000000 187187 000000 000000