CSF microsat genotypes, MBAM, 11/10/2003
Rp3
Rp15
Rp17
Rp23
SFC134
SFC139
pop
MBAM1 , 199211 000000 118130 187187 217221 245269
MBAM2 , 207215 000000 122122 187187 217229 253257
MBAM3 , 207207 204209 118202 187191 225229 269273
MBAM4 , 199199 203204 122210 187203 221229 245269
MBAM5 , 207215 000000 000000 187191 217217 257269
MBAM6 , 199207 204209 122130 187191 217225 265277
MBAM7 , 199211 199199 122122 187187 217225 245277
MBAM8 , 199219 199209 122122 187187 217221 245245
MBAM9 , 207215 000000 000000 187187 217217 269269
MBAM10 , 199211 199199 122122 187191 217225 245245
MBAM11 , 207207 209209 122122 187187 225229 269269
MBAM12 , 207219 203204 118122 187191 217221 269269
MBAM13 , 207211 000000 118122 187187 217221 245269
MBAM14 , 195207 204204 118122 187191 217217 265269
MBAM15 , 195211 204204 122202 187187 221221 245273
MBAM16 , 207211 000000 122122 191191 221229 245269
MBAM17 , 211219 000000 122126 187187 217229 245253
MBAM18 , 207207 204209 122122 187191 217221 269269
MBAM19 , 199211 199209 122126 187203 217221 245245
MBAM20 , 211211 204209 118122 187187 217221 261269
MBAM21 , 000000 204209 000000 000000 000000 000000
MBAM22 , 199211 204209 000000 000000 000000 245269
MBAM23 , 000000 199209 000000 000000 217217 000000
MBAM24 , 207207 000000 000000 000000 217225 245269
MBAM25 , 199207 209209 122122 187203 217229 269273
MBAM26 , 000000 000000 000000 000000 221229 000000
MBAM27 , 199211 204209 122198 191199 217229 245269
MBAM28 , 199211 204209 000000 187187 217221 245269
MBAM29 , 211215 199209 122122 187191 217225 245249
MBAM30 , 199211 204209 122122 187187 217229 245269