CSF microsat genotypes, MUBDG, 11/10/2003
Rp3
Rp15
Rp17
Rp23
SFC134
SFC139
pop
MUBDG1 , 199207 204204 122122 187203 217221 257269
MUBDG2 , 199207 199209 000000 203203 217221 273273
MUBDG3 , 199211 199204 122122 187187 221229 245249
MUBDG4 , 199199 204209 000000 187191 217221 245245
MUBDG6 , 211215 204209 118126 191191 217229 245245
MUBDG7 , 000000 204209 122122 000000 000000 245269
MUBDG8 , 000000 204209 122122 187191 221221 269269
MUBDG9 , 199207 204209 122122 187187 221221 249269
MUBDG10 , 207207 199209 126126 187187 217225 269273
MUBDG11 , 215215 199203 118122 187191 217229 269277
MUBDG12 , 199207 204204 122198 187187 221229 245269
MUBDG13 , 207211 204204 122122 187199 217217 257269
MUBDG14 , 207215 204209 122122 187187 217229 269269
MUBDG15 , 000000 203209 000000 187187 000000 249265
MUBDG16 , 000000 203204 000000 187187 217229 245269
MUBDG17 , 211215 209209 122122 187203 221221 245257
MUBDG18 , 000000 204209 000000 187187 000000 269273
MUBDG19 , 199207 204204 122122 187187 217217 269269
MUBDG20 , 211215 204209 122122 191203 221229 245253
MUBDG21 , 199199 203209 122122 187187 217221 269273
MUBDG22 , 199207 204209 122122 187191 229229 269269
MUBDG23 , 195207 199209 122122 187203 217217 257269
MUBDG24 , 207211 204209 122122 187199 221221 245249
MUBDG25 , 207211 204209 122122 187203 217221 249269
MUBDG26 , 199199 204204 122122 187187 217221 249249
MUBDG27 , 215215 209209 122122 187203 217229 249269
MUBDG28 , 199207 199204 122202 187187 217217 269269
MUBDG29 , 199215 199209 118122 187191 221229 253273
MUBDG30 , 199215 199209 122206 187187 217221 269277