CSF microsat genotypes, SWPLW, 11/10/2003
Rp3
Rp15
Rp17
Rp23
SFC134
SFC139
pop
SWPLW1 , 187211 199204 122122 187191 217221 273289
SWPLW2 , 203211 204204 122122 000000 217221 257273
SWPLW3 , 187187 000000 000000 000000 000000 000000
SWPLW4 , 203211 204209 122122 187191 217221 000000
SWPLW5 , 203211 000000 000000 000000 000000 000000
SWPLW6 , 187211 204204 122122 187187 217217 000000
SWPLW7 , 187187 204209 122122 187187 217221 289289
SWPLW8 , 187211 204209 122122 000000 217221 269269
SWPLW9 , 187187 204204 122122 187187 217221 269289
SWPLW10 , 187187 199204 122122 000000 217217 269289
SWPLW11 , 187211 204204 122122 187187 217221 269289
SWPLW12 , 187211 204204 122122 187191 217217 273289
SWPLW13 , 187211 204209 122122 187187 217221 269273
SWPLW14 , 187211 204204 122122 187187 217221 269289
SWPLW15 , 187215 199204 122122 187187 217217 273285
SWPLW16 , 187211 199204 122122 187187 221221 269273
SWPLW17 , 187211 204209 122122 187187 217221 273273
SWPLW18 , 187211 204209 122122 000000 217217 269269
SWPLW19 , 207211 199204 122122 187187 217221 000000
SWPLW20 , 187203 204204 122122 187187 217221 257289
SWPLW21 , 187187 000000 122122 000000 217221 000000
SWPLW22 , 187211 199209 122122 187187 217221 273289
SWPLW23 , 187203 000000 122122 000000 000000 257289
SWPLW24 , 211215 204204 122122 187187 217221 269273
SWPLW25 , 187211 204209 122122 187187 217217 000000
SWPLW26 , 211211 000000 122122 000000 217217 269273
SWPLW27 , 187203 204209 122122 000000 221221 000000
SWPLW28 , 187203 199204 122122 187187 221221 257269
SWPLW29 , 187211 204209 122122 187187 000000 000000
SWPLW30 , 187211 204209 122122 187187 000000 273273