CSF microsat genotypes, SWRR, 11/10/2003
Rp3
Rp15
Rp17
Rp23
SFC134
SFC139
pop
SWRR1 , 207215 000000 000000 187187 229229 273277
SWRR2 , 207215 209209 122122 187187 229229 273277
SWRR3 , 199215 204209 000000 000000 217217 273285
SWRR4 , 207215 000000 000000 187187 217229 000000
SWRR5 , 207215 204209 122122 187187 229229 273277
SWRR6 , 203207 000000 118122 187187 229229 000000
SWRR7 , 207215 204209 122122 187187 217217 273285
SWRR8 , 207215 204209 000000 000000 229229 273277
SWRR9 , 207215 204204 122122 187187 217229 277277
SWRR10 , 199215 204209 122122 183187 217217 277285
SWRR11 , 207215 204209 000000 000000 217229 273277
SWRR12 , 207215 209209 122122 187187 217229 273285
SWRR13 , 199215 204209 000000 187187 217229 277285
SWRR14 , 207215 209209 122122 187187 217229 273277
SWRR15 , 207215 204204 122122 187187 217229 273277
SWRR16 , 199215 204209 122122 000000 229229 277285
SWRR17 , 199215 204204 122122 000000 217217 277277
SWRR18 , 207215 204204 122122 187187 217229 273285
SWRR19 , 199215 204209 000000 000000 217217 277285
SWRR20 , 207215 204209 000000 187187 000000 273285
SWRR21 , 207215 204209 122122 000000 217229 273277
SWRR22 , 199215 000000 122130 187187 000000 277285
SWRR23 , 207215 204209 122122 000000 217217 273277
SWRR24 , 207215 204209 122122 000000 217217 273285
SWRR25 , 207215 204209 122122 187187 229229 273277
SWRR26 , 207215 209209 122122 187187 229229 273285
SWRR27 , 215223 204209 122122 183187 217229 273285
SWRR28 , 207215 000000 122122 187187 217229 273285
SWRR29 , 207215 204209 000000 000000 217217 277277
SWRR30 , 203215 204209 000000 187187 229229 269273