CSF microsat genotypes, KSF, 11/10/2003
Rp3
Rp15
Rp17
Rp23
SFC134
SFC139
pop
KSF1 , 187187 000000 122126 187187 000000 245265
KSF2 , 187207 204209 122122 187195 221229 273273
KSF3 , 187187 000000 122130 187191 221229 000000
KSF4 , 187211 204204 122126 187187 221225 273273
KSF5 , 187187 204204 126158 187191 217229 265273
KSF6 , 207207 204209 122158 187187 221229 269273
KSF7 , 187207 204209 122126 187187 221221 245273
KSF9 , 187203 189204 122122 187187 221229 265273
KSF10 , 187207 000000 000000 187187 221229 269277
KSF11 , 187187 204209 122130 187187 221229 245265
KSF12 , 187187 204204 122126 187187 229229 265273
KSF13 , 207211 204209 122126 187191 221229 273273
KSF14 , 187199 204204 000000 187187 221229 000000
KSF15 , 207215 204204 126126 187187 229229 269273
KSF16 , 187187 204204 118122 187187 221229 257269
KSF17 , 187187 204204 118118 183187 229229 245253
KSF18 , 000000 204209 118126 187187 221221 245269
KSF19 , 187211 204204 122126 187191 221229 257269
KSF20 , 187187 204204 126130 187187 217221 245249
KSF21 , 187187 204209 118122 187187 221229 245253
KSF22 , 187207 204204 122122 187187 221229 273273
KSF23 , 187203 204204 000000 187187 221229 245269
KSF24 , 187187 204209 126126 187187 221229 245277
KSF25 , 000000 204204 118122 183187 221229 245265
KSF26 , 187187 204204 126158 187187 221229 245265
KSF27 , 203207 204209 118126 187191 217225 269277
KSF28 , 187211 204209 122126 187187 221221 245277
KSF29 , 187187 000000 122122 000000 221221 245265
KSF30 , 187211 204209 000000 187187 221229 273273