CSF microsat genotypes, Allpops, 11/10/2003
Rp3
Rp15
Rp17
Rp23
SFC134
SFC139
pop
SWDPE1 , 187211 199209 000000 187191 217217 269289
SWDPE2 , 187207 204209 122122 187187 217221 269289
SWDPE3 , 187211 199204 000000 000000 217217 269289
SWDPE4 , 195211 199209 122122 187191 217217 269273
SWDPE5 , 187211 199204 122122 187187 217221 273285
SWDPE6 , 187211 204209 000000 187191 217221 257281
SWDPE7 , 000000 000000 000000 187187 217221 273281
SWDPE8 , 187207 209209 122122 187187 217221 269285
SWDPE9 , 203215 204209 122122 187187 000000 257269
SWDPE10 , 187203 000000 122122 187187 217221 273289
SWDPE11 , 187187 204204 122122 187187 217217 269289
SWDPE12 , 211211 199209 122122 187187 221221 269301
SWDPE13 , 187211 199209 122122 000000 217221 269289
SWDPE14 , 187187 204204 122122 187187 217221 269289
SWDPE15 , 187211 204204 122122 187187 217217 269273
SWDPE16 , 203211 199204 122122 187191 217217 257269
SWDPE17 , 211211 204209 122122 000000 217217 269273
SWDPE18 , 000000 199199 122122 187191 217221 000000
SWDPE19 , 187187 199204 122122 187187 217217 269289
SWDPE20 , 000000 000000 000000 000000 217221 000000
SWDPE21 , 187187 204209 118118 187187 217217 289301
SWDPE22 , 000000 199209 122122 187187 221221 273289
SWDPE23 , 187203 204209 122122 187187 217221 269289
SWDPE24 , 187187 204204 122122 187187 000000 000000
SWDPE25 , 211211 204209 122122 187187 221221 269273
SWDPE26 , 187187 199204 122122 187187 000000 269289
SWDPE27 , 187211 204209 122122 187187 000000 000000
SWDPE28 , 211211 209209 122122 187187 217217 257301
SWDPE29 , 187203 199204 122122 187187 217217 257289
SWDPE30 , 187211 199209 122122 000000 217221 269273