CSF microsat genotypes, SWSFS, 11/10/2003
Rp3
Rp15
Rp17
Rp23
SFC134
SFC139
pop
SWSFS1 , 000000 000000 000000 187187 000000 269273
SWSFS2 , 187211 199204 122122 187187 221221 269281
SWSFS3 , 000000 199204 122122 000000 217221 269281
SWSFS4 , 187195 199204 000000 187187 217221 269281
SWSFS5 , 187211 209209 122122 187187 221221 269273
SWSFS6 , 211211 199204 122122 187187 221221 273273
SWSFS7 , 187187 204204 122122 187187 221221 269281
SWSFS8 , 187195 204204 122122 187187 221221 273281
SWSFS9 , 187211 209209 122122 187191 217221 273281
SWSFS10 , 187211 204209 122122 187187 221221 269281
SWSFS11 , 187195 204209 000000 000000 221221 269281
SWSFS12 , 187195 199204 122122 187187 221221 273281
SWSFS13 , 207211 199204 122122 187187 217217 269273
SWSFS14 , 195211 199204 122122 187187 221221 269273
SWSFS15 , 195195 204204 122122 187187 000000 273273
SWSFS16 , 187195 204204 122122 187187 221221 269273
SWSFS17 , 187211 199204 122122 187191 000000 273273
SWSFS18 , 187211 204204 122122 187187 221221 273281
SWSFS19 , 211211 199204 122122 187187 221221 269273
SWSFS20 , 211211 204209 122122 187191 221221 269269
SWSFS21 , 187195 204204 122122 187187 221221 269281
SWSFS22 , 195211 204204 122122 187191 221221 269269
SWSFS23 , 187211 204204 122122 187187 217217 273281
SWSFS24 , 187211 204209 122122 187191 221221 273281
SWSFS25 , 187207 199199 122122 187187 217221 269273
SWSFS26 , 187211 204204 122122 187191 221221 273281
SWSFS27 , 000000 204204 122122 187187 221221 000000
SWSFS28 , 195195 199204 122122 187187 221221 273277
SWSFS29 , 211211 000000 000000 000000 217221 000000
SWSFS30 , 000000 204204 122122 187187 221221 269281