CSF microsat genotypes, MMB, 11/10/2003
Rp3
Rp15
Rp17
Rp23
SFC134
SFC139
pop
MMB1 , 215215 204204 122198 187187 217229 253265
MMB2 , 211215 204204 122198 000000 229229 245265
MMB3 , 199211 204209 122122 187199 217221 245257
MMB4 , 191207 204204 122122 187187 217221 253269
MMB5 , 211211 203204 122198 187187 221221 245253
MMB6 , 195211 203209 118122 187191 229229 245273
MMB7 , 199207 204204 122202 199203 217217 245269
MMB8 , 211215 204204 122122 187191 229229 000000
MMB9 , 199211 204204 118122 187187 217217 245249
MMB10 , 199211 204204 122126 187203 221221 245257
MMB11 , 199211 209209 122130 199203 217221 245269
MMB12 , 211215 000000 122202 199203 217221 245273
MMB13 , 211215 000000 122122 000000 217229 245253
MMB14 , 199211 204209 122126 187203 217221 245265
MMB15 , 000000 204209 138198 199199 217221 245253
MMB16 , 211219 204204 122122 187187 221229 257257
MMB17 , 207211 000000 130198 000000 000000 000000
MMB18 , 211215 000000 118122 187191 217229 245249
MMB19 , 207215 204209 122138 187199 217229 265269
MMB20 , 207211 204209 122122 187191 217221 000000
MMB21 , 207207 188209 122122 187187 217229 257269
MMB23 , 211215 204209 198198 187187 221229 245249
MMB24 , 207215 000000 122202 187203 217221 253269
MMB26 , 191211 204209 122122 187199 217221 245265
MMB27 , 207215 204204 122202 191199 217217 269269
MMB28 , 207215 204209 122122 187187 217221 269269
MMB29 , 000000 203209 122122 187199 217229 245257
MMB30 , 195207 203209 122130 191203 221221 245269
MMB31 , 195211 204209 122198 187191 221221 245269
MMB32 , 199207 000000 130210 000000 217221 269269
MMB33 , 000000 000000 122198 187187 221229 249249
MMB34 , 199211 000000 118122 187199 221221 245245
MMB35 , 000000 000000 118122 187203 229229 000000
MMB36 , 195211 209209 122198 191191 000000 245245
MMB37 , 207215 204204 130198 187187 221229 253269
MMB38 , 199211 204204 122198 187199 217229 245249
MMB39 , 207211 199204 122198 187187 217221 245245
MMB40 , 199211 204204 122198 199199 000000 245253
MMB41 , 199211 204204 122198 187199 221221 245257
MMB42 , 207207 204209 122122 187187 221229 000000
MMB43 , 199211 204204 122122 000000 217229 245269
MMB44 , 199199 204204 122122 187199 217229 257269
MMB45 , 199207 204204 122122 187199 217229 257269
MMB46 , 000000 204209 122202 187199 217229 265269
MMB47 , 000000 000000 000000 187187 217221 265269
MMB48 , 000000 204204 130198 187187 221229 245269
MMB49 , 207211 199209 122122 187187 217217 245277
MMB50 , 211219 204209 122122 199203 217225 245269
MMB51 , 207211 000000 126198 187187 217221 000000
MMB52 , 207211 204209 122122 187187 221229 245273
MMB53 , 207211 000000 122138 199199 217221 245265
MMB54 , 195211 188209 198198 187187 221229 245273
MMB55 , 000000 000000 118122 187187 000000 249253
MMB56 , 199207 204209 122122 187203 229229 257269
MMB57 , 000000 209209 122122 187191 000000 245269