CSF microsat genotypes, MHB, 11/10/2003
Rp3
Rp15
Rp17
Rp23
SFC134
SFC139
pop
MHB3 , 199215 199204 122122 187191 217229 257257
MHB4 , 211215 209209 122122 187191 217221 245273
MHB5 , 195211 203204 122126 187187 217217 245245
MHB6 , 000000 199209 122126 187187 217217 245273
MHB7 , 000000 000000 118122 000000 000000 000000
MHB8 , 207215 203204 122122 187191 217229 245273
MHB9 , 211215 204204 000000 191199 217221 245245
MHB11 , 211219 209209 126198 191203 221221 245261
MHB12 , 000000 000000 000000 187191 217229 245269
MHB13 , 000000 000000 122122 000000 000000 000000
MHB14 , 207211 188204 118122 187187 000000 245245
MHB16 , 195215 209209 118122 187187 217217 253269
MHB17 , 207215 199204 122210 191203 217229 253269
MHB18 , 199207 199199 122126 187191 221229 269273
MHB19 , 207215 199204 118122 187187 217217 265269
MHB20 , 199207 204209 122122 187187 217221 245269
MHB21 , 000000 199204 122122 187199 217221 245265
MHB22 , 199211 204209 122126 187187 217217 245269
MHB23 , 199207 204209 118126 187187 229229 245269
MHB24 , 000000 204209 000000 000000 000000 245245
MHB25 , 207207 204209 122122 187203 217217 269273
MHB26 , 000000 199204 122194 000000 217221 245269
MHB27 , 199207 209209 000000 187203 000000 269269
MHB28 , 207215 204209 122122 000000 217217 000000
MHB29 , 000000 204204 122202 187199 217221 245245