CSF microsat genotypes, SSCL, 11/10/2003
Rp3
Rp15
Rp17
Rp23
SFC134
SFC139
pop
SSCL1 , 207215 204204 126126 000000 229229 265265
SSCL2 , 215215 204204 122126 187187 229229 261265
SSCL4 , 211215 204204 122122 187187 229229 265277
SSCL5 , 207207 000000 000000 000000 000000 265265
SSCL6 , 199215 204204 118122 187191 229229 249261
SSCL8 , 207215 204204 122122 187187 221229 249253
SSCL9 , 000000 000000 122122 000000 000000 249249
SSCL10 , 000000 000000 122122 183183 000000 000000
SSCL11 , 207207 204204 122122 183187 229229 265269
SSCL12 , 000000 204204 122122 183183 229229 249253
SSCL13 , 187207 204204 122122 187187 229229 273277
SSCL14 , 000000 000000 122122 000000 229229 265277
SSCL15 , 207207 204204 122122 187187 229229 265269
SSCL16 , 187207 204204 122122 187187 229229 273277
SSCL17 , 000000 000000 122122 183183 229229 249269
SSCL18 , 207215 204204 122122 183187 229229 269269
SSCL19 , 207207 204204 122122 187187 229229 265269
SSCL20 , 215215 204204 122122 187187 229229 253253
SSCL21 , 187215 204204 122122 187191 229229 265269
SSCL22 , 187215 204204 122122 191191 221229 269269
SSCL23 , 187207 204204 122122 183187 229229 265269
SSCL24 , 000000 000000 000000 000000 000000 265269
SSCL25 , 187187 204204 122122 000000 229229 261269
SSCL26 , 187207 204204 122122 187191 229229 249269
SSCL27 , 187207 000000 122126 187191 229229 269277
SSCL28 , 187207 204204 122126 187187 221229 249253
SSCL29 , 207215 204204 122122 187187 229229 249253