CSF microsat genotypes, SKFP, 11/10/2003
Rp3
Rp15
Rp17
Rp23
SFC134
SFC139
pop
SKFP1 , 000000 204204 122202 187191 217229 000000
SKFP2 , 000000 204204 122122 187187 229229 269269
SKFP3 , 211215 204204 122122 187191 229229 273277
SKFP4 , 211211 204204 122202 187187 229229 265269
SKFP5 , 211215 204204 118122 187191 221229 269277
SKFP6 , 211215 000000 122202 000000 229229 273277
SKFP7 , 211211 204204 122122 187191 229229 269269
SKFP8 , 207215 204204 122122 191191 229229 277297
SKFP9 , 211215 204204 122122 000000 221229 269277
SKFP10 , 211211 204204 122122 187191 229229 269269
SKFP11 , 207211 204204 122122 187191 221229 269269
SKFP12 , 207211 204204 122122 187191 229229 269269
SKFP13 , 000000 000000 000000 187191 229229 269277
SKFP14 , 203215 204204 122122 187187 229229 265277
SKFP15 , 000000 204204 122122 187191 000000 000000
SKFP16 , 211215 204204 122122 187191 221229 277281
SKFP17 , 215215 204204 122122 187187 217221 269277
SKFP18 , 211215 204204 122122 187191 229229 269277
SKFP19 , 211215 204204 122122 187187 229229 269277
SKFP20 , 211215 204204 000000 000000 229229 269277
SKFP21 , 000000 204204 122122 187191 229229 269277
SKFP22 , 207211 204204 122122 000000 217229 269269
SKFP23 , 207215 204204 122122 187187 229229 269277
SKFP24 , 000000 000000 122122 187191 000000 000000
SKFP25 , 211215 204204 122122 187191 229229 269277
SKFP26 , 211215 204204 122122 187187 229229 269277
SKFP27 , 211215 000000 122122 187191 000000 000000
SKFP28 , 211215 204204 122122 187187 229229 269277