CSF microsat genotypes, RRCP, 11/10/2003
Rp3
Rp15
Rp17
Rp23
SFC134
SFC139
pop
RRCP1 , 199215 203204 122122 187187 217217 265285
RRCP2 , 215215 204209 122126 187191 221221 265285
RRCP3 , 199215 203204 122122 187187 217217 265265
RRCP4 , 199207 204209 122126 187191 221221 265269
RRCP5 , 199215 204204 000000 187187 217221 261265
RRCP6 , 215215 204204 118126 191191 217221 269285
RRCP7 , 215215 204209 122126 187191 221221 273277
RRCP8 , 215215 000000 122126 187187 221221 261265
RRCP9 , 215215 204209 118122 187187 217221 261265
RRCP10 , 215215 204204 122122 191191 221221 285285
RRCP11 , 215215 204209 122122 187191 217217 000000
RRCP12 , 199215 000000 122122 000000 217221 000000
RRCP13 , 207215 000000 122122 000000 221221 000000
RRCP14 , 215215 000000 122122 187191 217221 265277
RRCP15 , 211215 204204 122126 187187 217217 265277
RRCP16 , 215215 204209 122122 187191 221221 261265
RRCP17 , 207215 204209 122126 187191 217221 277305
RRCP18 , 215215 000000 122126 187187 221229 265265
RRCP19 , 199215 204204 122126 187187 221221 265265
RRCP20 , 207215 204209 122126 187191 217221 265277
RRCP21 , 199215 204204 122122 187187 217221 265285
RRCP22 , 215215 204209 122122 187187 221221 265265
RRCP23 , 215215 000000 118122 187191 221229 261285
RRCP24 , 215215 000000 122122 000000 217221 000000
RRCP25 , 000000 000000 122126 000000 000000 000000