CSF microsat genotypes, SKB, 11/10/2003
Rp3
Rp15
Rp17
Rp23
SFC134
SFC139
pop
SKB1 , 207215 204204 122122 187191 221229 265265
SKB2 , 211211 204204 122122 187191 221229 269269
SKB3 , 199207 204204 122122 187187 229229 265293
SKB4 , 000000 204204 122122 187187 229229 265293
SKB5 , 207215 204204 118122 191191 229229 273293
SKB6 , 207215 204204 118122 187191 229229 265293
SKB7 , 207207 204204 122122 187187 229229 273293
SKB8 , 211215 000000 122122 187187 221229 000000
SKB9 , 207211 204204 000000 187187 229229 281293
SKB10 , 211215 204204 122122 187187 229229 265281
SKB11 , 000000 204204 122122 187187 229229 265273
SKB12 , 187215 204204 122122 187191 229229 265293
SKB13 , 207215 204204 122122 187187 229229 265265
SKB14 , 207207 204204 118122 187187 229229 000000
SKB15 , 215215 204204 122122 187191 229229 265293
SKB16 , 207211 204204 118122 187187 229229 265265
SKB17 , 199215 204204 122122 187187 229229 265265
SKB18 , 211211 204204 118122 187187 221229 281293
SKB19 , 211215 204204 122122 187191 229229 265285
SKB20 , 211211 204204 122122 187191 221229 269269
SKB21 , 199215 000000 122122 187191 229229 000000
SKB22 , 199211 204204 122122 187191 229229 265265
SKB23 , 215215 204204 122122 187191 229229 265293
SKB24 , 000000 204204 122122 187191 221229 269281
SKB25 , 207207 204204 118122 191191 229229 273293
SKB26 , 215215 000000 118122 187191 229229 293293
SKB27 , 207219 204204 122122 187187 229229 269285
SKB28 , 207215 204204 122122 187191 229229 281293
SKB29 , 211215 000000 122122 191191 229229 265265
SKB30 , 215215 204204 118122 187191 229229 273293