CSF microsat genotypes, KFG, 11/10/2003
Rp3
Rp15
Rp17
Rp23
SFC134
SFC139
pop
KFG1 , 187203 000000 122186 191191 217217 253265
KFG3 , 187187 000000 000000 187191 217221 000000
KFG4 , 187207 204204 122122 187191 229229 245265
KFG5 , 187207 204209 126126 187191 221229 261265
KFG6 , 187215 189204 126186 187191 217221 257285
KFG7 , 187207 000000 122158 187191 217221 265265
KFG8 , 187207 204204 122126 187191 221229 253277
KFG9 , 207207 204204 122186 187187 217229 273305
KFG10 , 203211 204204 126126 187191 221221 273273
KFG11 , 203211 204209 122130 187191 217221 273273
KFG12 , 187207 204204 122122 191191 217217 265305
KFG13 , 187211 204209 122130 187191 221221 245273
KFG14 , 187207 204204 122122 187187 217221 261277
KFG15 , 187203 000000 122122 187191 217221 000000
KFG16 , 207211 204204 122122 187191 221229 261265
KFG17 , 187211 204204 122122 187191 217229 257273
KFG18 , 207211 204204 122126 187187 221229 265273
KFG19 , 187211 204204 122126 187191 221221 265273
KFG20 , 000000 000000 000000 000000 221221 000000
KFG21 , 187203 204204 122122 187191 217221 000000
KFG22 , 187207 204204 122122 187191 217221 261265
KFG23 , 187203 204209 126126 187187 000000 000000
KFG24 , 187207 204204 126130 187187 217221 245253
KFG25 , 187203 204204 122122 187187 217229 257265
KFG27 , 187207 204204 122126 187187 221221 273273
KFG28 , 187203 204204 126126 187191 221221 245273
KFG29 , 187187 204204 126186 187191 217229 265265
KFG30 , 187207 204209 122126 187191 217221 265265
KFG31 , 187187 204209 122126 187191 221221 257281