Rana pretiosa - AR
RP3
RP17
RP23
RP26
RP193
RP415
RP461
SFC104
SFC120
pop
AR 01 , 198202 118118 177177 087087 176176 165173 145145 209209 192212
AR 02 , 198202 118118 177177 087087 176180 165165 145145 209209 164192
AR 03 , 198202 118118 177177 087087 176176 165173 145145 209209 192216
AR 04 , 198206 118118 177185 087087 176180 165173 145145 209209 192192
AR 05 , 198202 118118 177177 087087 176180 165165 145145 209209 164164
AR 06 , 198206 118118 177177 087087 176176 165165 145145 209209 192212
AR 07 , 198198 118118 177177 087087 176176 173173 145145 209209 192192
AR 08 , 202206 114118 177177 087087 176180 165165 145145 209209 164192
AR 09 , 198202 118118 177177 087087 176176 165173 145145 209209 192216
AR 10 , 198202 118118 177177 087087 000000 000000 145145 209209 192200
AR 11 , 198202 114118 177177 087087 176176 165173 145145 209209 192216
AR 12 , 198198 118118 177177 087087 176176 173173 133145 209209 192192
AR 13 , 198198 114118 177177 087087 176176 165173 145145 209209 164212
AR 14 , 198202 118118 177177 087087 176176 165165 145145 209209 192216
AR 15 , 202206 118118 177177 087087 176176 165173 133145 209209 164192
AR 16 , 198198 118118 177185 087087 180180 165173 133145 209209 204216
AR 17 , 198198 118118 177177 087087 176180 165173 133145 209209 192216
AR 18 , 198198 118118 177185 079087 176176 165173 133145 000000 000000
AR 19 , 198202 118118 177177 087087 176180 165173 133133 209209 192216
AR 20 , 198202 118118 177177 087087 176176 165173 145145 209209 164192
AR 21 , 198202 118118 177177 079087 176176 165165 133133 209209 192216
AR 22 , 198206 118118 177177 087087 172176 165173 133145 209209 192196
AR 23 , 202202 118118 177177 087087 000000 000000 145145 209209 200216
AR 24 , 202202 118118 177185 087087 176176 165165 133145 209209 164196
AR 25 , 202202 000000 177177 087087 000000 173173 000000 209209 000000
AR 26 , 198198 118118 177185 087087 172176 165173 133145 209209 192216
AR 27 , 198198 000000 000000 087087 000000 165173 000000 209209 000000
AR 28 , 202202 118118 177177 087087 176176 173173 133133 209209 192216
AR 29 , 198198 118118 185185 087087 180180 165165 133133 209209 192216
AR 30 , 206206 118118 177177 087087 176180 165165 133145 209209 192192
AR 31 , 198206 118118 177177 087087 176176 165165 145145 209209 188192
         

