Rana pretiosa - JC
RP3
RP17
RP23
RP26
RP193
RP415
RP461
SFC104
SFC120
pop
JK 0A , 202202 114118 177185 087087 000000 000000 000000 209209 000000
JK 0B , 198198 118118 177185 087087 156156 173173 145145 209209 160208
JK 0C , 202202 114118 177185 087087 156176 173173 145145 209209 180216
JK 0D , 198202 114118 177177 087087 156156 173173 145145 209209 140188
JK 0E , 198202 118118 177177 087087 156176 165173 145145 209209 180216
JK 0F , 198202 114118 177185 087087 156156 173173 145145 209209 180180
JK 0G , 202202 118118 177185 083087 000000 000000 000000 000000 000000
JK 0H , 198202 114118 177185 083087 156176 173173 145145 209209 208216
JK 0I , 202202 114118 177177 087087 156176 173173 145145 209209 208212
JK 0J , 198202 114118 177185 087087 156156 173173 145145 209209 180208
JK 0K , 202202 118118 177177 087087 156176 173173 145145 209209 208212
JK 0L , 198202 118118 177177 087087 000000 000000 000000 209209 188216
JK 0M , 198202 114114 177177 087087 156156 173173 145145 209209 180216
JK 0N , 198202 118118 177177 087087 176176 173173 145145 209209 180216
JK 0O , 198198 114114 177185 087087 156156 165173 145145 209209 188204
JK 0P , 198198 114114 177185 087087 156176 173173 145145 209209 180180
JK 0Q , 198202 114118 177185 083087 156176 173173 145145 209209 192208
JK 0R , 198202 114118 185185 087087 156156 173173 000000 209209 188208
JK 0S , 202202 118118 177185 087087 156156 165173 145145 209209 208216
JK 0T , 198198 114118 185185 087087 156156 173173 145145 209209 180196
JK 0U , 198202 118118 177177 087087 156156 173173 145145 209209 188208
JK 0V , 198202 114118 177185 087087 156156 165173 145145 209209 180188
JK 0W , 198202 118118 177177 083083 156176 173173 145145 209209 204216
JK 0X , 198202 118118 177177 087087 156156 165165 145145 209209 188196
JK 0Y , 198202 114118 177177 087087 156156 165173 145145 209209 180208
JK 0Z , 202202 118118 177177 087087 156156 173173 145145 209209 180188
JK AA , 198202 118118 177185 087087 156156 165173 145145 209209 180188
JK AB , 202202 118118 177177 087087 156176 173173 145145 209209 188216
JK AC , 198202 114118 177177 087087 156156 165173 145145 209209 180188
JK AD , 198202 114114 177185 087087 156156 173173 145145 209209 180216
         

