Rana pretiosa Sunriver Bullfrog Pond 2006 Adults - RP11
RP3
RP415
RP22
RP23
RP385
RP193
SFC134
POP
           0077 , 210210 173173 236236 189189 156156 184184 241245 
           0124 , 210210 169173 232236 189189 156156 184188 241245 
           0637 , 210210 173173 236240 177189 156156 184184 241245 
           0779 , 210210 173173 236236 177189 156156 184188 241245 
           0934 , 206210 173173 236236 177177 144156 184184 241245 
           1304 , 210210 169169 232232 177189 144156 184184 245245 
           1412 , 206210 169173 236236 177189 144156 184184 241245 
           1452 , 206210 173173 236236 189189 156156 184188 245245 
           1639 , 210210 169173 236236 177189 156156 184188 241249 
           1736 , 206210 173173 236240 000000 156156 184184 000000 
           2259 , 206210 169169 240240 177189 144144 184188 241241 
           2479 , 206210 173173 236240 177185 144156 184184 241241 
           2974 , 206210 173173 236240 177189 156156 184184 241241 
           3110 , 206210 173173 232236 185185 144156 184184 241245 
           3809 , 206210 173173 232232 177185 156156 184184 241245 
           3816 , 206210 173173 236236 177189 156156 184188 241249 
           4042 , 206210 173173 236240 177189 156156 184184 241245 
           4258 , 206206 169173 236236 177189 156156 184184 241245 
           4513 , 210210 169173 236240 177185 144156 184184 245245 
           4910 , 210210 169169 232240 185189 144156 184184 245245 
           5025 , 210210 169173 236236 177185 156156 184184 241245 
           5536 , 210210 169173 236236 177189 156156 184184 241245 
           5802 , 210210 173173 236236 177189 156156 184184 241245 
           7119 , 210210 169173 236236 177189 144144 184184 241241 
           7254 , 210214 169173 236236 189189 144156 184188 245249 
           7417 , 210210 173173 232240 189189 156156 184188 245245 
           7478 , 206210 173173 236236 177189 156156 184188 241241 
           7900 , 206210 169173 236240 189189 156156 184184 241249 
           7956 , 000000 169173 236236 185189 156156 184184 241245 
           022D , 210210 173173 236236 177189 156156 184184 245245 
           040F , 210210 173173 236236 177177 156156 184184 241245 
           0F32 , 210210 173173 236240 177189 156156 184184 245249 
           115D , 210210 169173 236236 189189 156156 184184 245249 
           174E , 206210 169169 232236 189189 000000 184184 245245 
           184D , 210210 173173 236236 189189 156156 184184 241245 
           1D6B , 210210 173173 236240 177189 144156 184188 245245 
           1F22 , 210210 169173 236240 189189 144156 184188 241245 
           253C , 210210 169173 236236 177189 156156 184184 241249 
           282F , 210210 173173 236240 177189 156156 184184 241245 
           293E , 206210 173173 236240 177185 156156 184184 241241 
           297D , 210210 169169 236240 177185 144156 184184 241245 
           2D10 , 210210 173173 236236 177185 156156 184184 241245 
           2D62 , 210210 169173 236240 185189 156156 184184 245249 
           2F24 , 210210 173173 236240 189189 156156 184188 241245 
           320D , 210214 169173 232240 189189 144156 184188 241245 
           355A , 210210 173173 236240 177189 156156 184184 241245 
           3A19 , 206210 173173 240240 189189 156156 184184 241241 
           3C7F , 210210 169173 236240 177189 156156 184184 241245 
           3D73 , 206210 173173 236240 185189 156156 184184 241241 
           410F , 210210 169173 236240 177189 156156 184184 000000 
           424E , 210210 173173 236240 189189 156156 184184 245245 
           4A18 , 210210 173173 236236 177189 156156 184184 245245 
           4B5E , 210210 173173 236240 185189 156156 184184 245249 
           4D68 , 210210 169169 232240 177177 144156 184184 241241 
           4F6B , 206206 173173 236236 177189 156156 184188 245245 
           506F , 206210 169173 236240 185189 144156 184184 245249 
           535F , 210210 173173 236236 177189 156156 184184 241245 
           590F , 210210 173173 236240 189189 156156 184184 245245 
           5A0B , 210210 169173 236240 177189 156156 184184 241245 
           5A18 , 210210 173173 236240 177189 156156 184184 241245 
           5D57 , 210210 169173 236236 177177 156156 184184 241245 
           607D , 210210 169173 232236 189189 156156 184188 241245 
           665B , 210210 173173 240240 185189 156156 184184 241241 
           6A1B , 210210 169169 232236 177185 144156 184184 241245 
           6F4C , 210210 173173 236236 189189 156156 184188 241245 
           764B , 206210 173173 232236 185185 144156 184184 241245 
           795B , 210210 169173 232236 189189 156156 184184 245245 
           0770 , 210210 169173 232236 177177 156156 184184 241245 
           0904 , 206210 173173 236240 177189 156156 184184 241245 
           1549 , 210210 169173 236240 177189 156156 184188 241245 
           1656 , 206210 173173 236236 177189 156156 184188 245245 
           1901 , 206210 173173 236236 177189 156156 184184 241245 
           2414 , 210210 173173 232236 177189 156156 184188 241241 
           3171 , 210210 169169 232240 189189 156156 184184 245245 
           3916 , 210210 173173 236240 189189 156156 184188 245249 
           4339 , 206210 169173 232236 185185 144156 184184 241245 
           4421 , 206206 173173 232236 185185 156156 184184 245245 
           4747 , 206210 173173 236236 177177 144156 184184 241245 
           4941 , 206210 169173 232236 189189 156156 000000 241241 
           5158 , 206210 169173 236240 177189 144156 184184 241245 
           5800 , 206210 173173 236236 189189 156156 184188 241245 
           5847 , 210210 169173 240240 185185 144156 184184 245249 
           5961 , 206210 169173 236236 177185 156156 184184 241245 
           6173 , 210210 169173 232236 177189 156156 184184 241245 
           6301 , 210210 169173 236240 189189 156156 184184 245245 
           7201 , 210210 169173 232236 189189 156156 184184 245245 
           7507 , 210210 169173 236236 189189 156156 184184 245245 
           6E23 , 206210 169173 232236 177185 156156 184184 241241 
           2E47 , 210210 173173 236240 189189 156156 184184 241245 
           3E49 , 210210 173173 232232 177189 156156 184184 241245 
           6E59 , 210210 169173 236236 177189 156156 184184 241241 
           040E , 210210 169169 236236 189189 156156 184184 241245 
           042C , 206210 173173 236236 189189 144156 184188 241241 
           046E , 210210 169173 232236 177189 156156 184188 241241 
           0A22 , 206210 173173 236236 189189 156156 184184 241245 
           0B77 , 210210 173173 236240 189189 144156 184184 241245 
           1F62 , 210210 173173 236236 177189 156156 184184 241249 
           225D , 210210 169173 236240 189189 156156 184184 245245 
           2A7F , 206206 169173 236240 177189 144156 184184 241245 
           2C08 , 210214 173173 232236 189189 144156 184184 241241 
           2C3C , 206210 173173 236236 177189 156156 184184 241245 
           2F59 , 206210 173173 236236 189189 156156 184184 245249 
           367B , 210210 173173 232240 177189 156156 184184 241245 
           385E , 210210 169173 236240 185189 156156 184184 245245 
           3A37 , 210210 169169 236240 185189 144156 184184 241241 
           403B , 210210 169173 236240 177189 156156 184188 245245 
           4A71 , 210210 173173 236240 185189 156156 184188 241249 
           533D , 210210 169173 236236 177189 144156 184188 241245 
           565B , 210210 169173 232236 177189 156156 184184 245245 
           596D , 206210 169173 236240 177189 144156 184184 241245 
           5E3D , 210210 173173 240240 177189 156156 184184 241245 
           6A2E , 210210 173173 236236 189189 156156 184188 241245 
           6B29 , 210210 173173 232236 189189 156156 184184 241245 
           6B7D , 210210 173173 236236 185189 156156 184184 245245 
           6C3D , 210210 173173 236236 189189 156156 184188 241241 
           6D1F , 206210 173173 236240 189189 156156 184184 245245 
           712B , 210210 173173 236236 177177 156156 184184 241245 
           747A , 210210 173173 232236 177189 156156 184184 245245 
           755E , 206210 173173 240240 189189 156156 184184 241245 
           791F , 210210 173173 236240 177189 156156 184184 241245 
           793A , 210210 169173 236236 185189 156156 184184 241241 
           0172 , 210210 173173 236236 177177 156156 184184 241245 
           035D , 210210 173173 236236 177177 144156 184188 241241 
           040F , 210210 173173 236240 189189 156156 184184 241241 
           077D , 206210 169173 232240 189189 144156 184188 241245 
           0C03 , 206210 169173 232240 185189 156156 184184 245245 
           0C0F , 210210 000000 000000 185189 156156 184184 245245 
           0E22 , 210210 173173 236236 177189 156156 184184 241241 
           0E39 , 210210 173173 236236 177177 156156 184184 000000 
           1230 , 210210 169169 236236 189189 156156 184188 245245 
           1304 , 210210 169173 236236 177189 156156 184184 241245 
           155C , 210210 169173 232236 189189 156156 184184 241245 
           161F , 206210 169173 236236 000000 156156 184184 245245 
           1703 , 210210 173173 232236 189189 156156 184184 241245 
           1806 , 210210 169173 232236 000000 156156 184188 241241 
           2338 , 210210 169173 236240 189189 156156 184184 241249 
           235B , 210210 000000 236236 177185 156156 184184 241241 
           244C , 210210 169169 232240 000000 156156 184188 000000 
           2750 , 210210 169173 232236 177189 156156 184184 245245 
           282B , 210210 000000 236236 000000 156156 184184 241245 
           2926 , 210210 173173 236236 177177 156156 184184 241245 
           2C1D , 210210 000000 236236 189189 144156 188188 241241 
           2C1E , 210210 169173 232236 177189 156156 184184 241245 
           2D55 , 210210 169173 232240 177189 144156 184184 241245 
           3000 , 210210 169173 232236 177189 156156 184184 241245 
           313C , 210210 169169 236236 189189 156156 184184 245245 
           3236 , 210210 169173 232236 177189 144156 184184 241245 
           340D , 206210 173173 236236 177189 144156 184184 000000 
           3473 , 210210 173173 232240 177189 144156 184184 241241 
           3478 , 210210 173173 232240 189189 144156 184184 241241 
           3552 , 206210 169173 232236 177185 156156 184184 245245 
           3726 , 210210 173173 236236 189189 156156 184184 245249 
           3D03 , 210210 169173 236240 177177 156156 184184 241241 
           3D0F , 210210 169173 232236 189189 156156 184184 245245 
           4026 , 000000 000000 236240 189189 156156 184184 000000 
           4069 , 210210 169173 232236 189189 156156 188188 241241 
           4225 , 210214 173173 236236 185189 144144 184184 245245 
           432C , 206210 169173 236240 189189 144156 184188 241245 
           433C , 210210 000000 236240 177189 156156 184188 241241 
           4426 , 206210 000000 232236 177185 156156 184184 245245 
           445E , 206210 173173 236236 177189 144156 184184 241245 
           4738 , 206210 169173 236240 189189 144156 184188 241245 
           4B07 , 210210 173173 236236 177189 156156 184184 241245 
           4B1F , 206210 173173 236236 177185 156156 184184 245245 
           4C78 , 210210 169169 232236 189189 156156 184184 000000 
           4D3F , 206210 169169 236236 000000 156156 184184 000000 
           4E4E , 210210 169173 236236 177177 156156 184184 000000 
           5009 , 206210 173173 236236 177189 156156 184184 241241 
           5550 , 210214 173173 232240 177189 144156 184184 245245 
           585D , 210210 173173 232236 189189 156156 184184 245245 
           591A , 210210 169173 000000 177177 156156 184184 241245 
           5940 , 210210 173173 236236 189189 156156 184184 245245 
           5C59 , 206210 169173 232236 177185 156156 184184 000000 
           5C68 , 206210 173173 236240 177185 156156 184184 241241 
           5E3D , 210210 173173 000000 177189 156156 184184 241245 
           5F7C , 210214 173173 000000 177177 156156 184184 241241 
           605E , 210214 169173 236236 189189 144156 184184 000000 
           622C , 206210 000000 236236 177189 156156 184184 241245 
           6301 , 210210 169173 236240 189189 156156 184184 245245 
           6506 , 210210 169173 000000 177189 156156 184184 241245 
           660C , 210214 173173 236236 189189 144156 184184 245249 
           687A , 210210 169173 236240 177189 144156 184188 241245 
           6A1D , 210210 169173 236240 185185 144156 184184 245249 
           6B55 , 210210 169173 236236 000000 156156 184184 241241 
           6C3D , 210210 000000 236236 189189 156156 184188 241249 
           6D64 , 210210 169169 232240 189189 144156 184188 241245 
           6E59 , 210210 169173 236236 177189 156156 184184 241241 
           6F39 , 210210 000000 000000 177189 156156 184188 241241 
           7453 , 210210 169173 236240 177185 156156 184184 245249 
           752D , 206210 173173 236236 177177 144156 184184 241245 
           7537 , 210210 173173 236236 177189 156156 184184 245245 
           7847 , 210214 169173 236240 189189 144156 184184 245245 
           7A1B , 210210 169169 232240 000000 156156 184184 241245 
           7A35 , 210210 173173 000000 189189 156156 184188 241245 
           7B16 , 206210 173173 236240 177189 144156 184188 241241 
           7C4A , 210210 173173 236236 177189 156156 184184 241245 
           7D76 , 210210 173173 232240 177189 156156 184184 245245 
           7F50 , 210210 169169 236236 177177 156156 184184 249249 
           2B47 , 210210 169173 236236 177189 156156 184184 241241 
           2C03 , 210210 169169 236236 185189 144156 184184 241245 
           4543 , 210210 173173 232236 177189 156156 184184 241245 
           456B , 206210 169173 232232 177185 156156 184184 245245 
           5768 , 210210 173173 236236 177189 156156 184184 245245 
           0C01 , 210210 173173 236236 185189 144156 184188 241245 
           1D37 , 210210 169173 232236 177189 144156 184184 241245 
           3119 , 210210 173173 240240 177185 156156 184184 241245 
           4D5A , 210210 173173 240240 177185 144156 184184 241249 
           717A , 210214 173173 232236 189189 144156 184184 245249
